[Product]
Author=Administrator
Version=V3.2.1.12
Date=2016/05/23-11:27:12
Name=北斗多频试验验证终端测试系统
Company=北京华力创通科技股份有限公司技术研究中心
RecentProjName=F:\Codes\BDS3\HWATest20180920\Debug\Projects\20160525-103824\20160525-103824.xproj
[FILE]
save=0
[GNMOD]
bsState=0
bsDiff=0
bdstate=0
bdDiff=0
BD2Pos=0
BD1Pos=1
GPSPos=0
GaliPos=0
ComPos=0
BD2Time=0
BD1Time=1
GPSTime=0
GaliTime=0
mode=1
[CONNECT]
type=0
protocol=3
[COMM]
port=10
baud=115200
[SOCKET]
ip=0
port=9804
[BDI]
timeSys=1
timeFmt=1
posSys=1
posFmt=1
a=6378167.0
f=298.257222101
w=0.00007292115
gm=398600441800000
dx=0
dy=0
dz=0
alpha=0
beta=0
gamma=0
com=1
baud=3
[POSMOD]
B1I=1
B1Q=1
B1C=1
B1A=1
B2a=1
B2b=1
B2=1
B3I=1
B3Q=1
B3C=1
B3A=1
Bs=1
B3AE=1
B1CB3C=1
B1QB3Q=1
B1AB3A=1
BsB3A=1
B1CB2a=1
B1CB2B3C=1
[LocalPos]
Type=0
Lat=0.000000
Lon=0.000000
Alt=0.000000
[LINE]
PointCount=500
