[Product]
RecentProjName=C:\Users\Administrator\Desktop\20151110-102422\20151110-102422.xproj
[FILE]
save=24
ran=1
jal=1
tim=1
eph=1
alm=1
pos=1
mod=1
siv=1
cod=1
ion=1
sta=0
ref=0
raim=0
[GNMOD]
bsState=0
bsDiff=0
bdstate=0
bdDiff=0
[POSMOD]
B1I=0
B1Q=0
B1C=0
B1A=0
B2a=0
B2b=0
B2=0
B3I=0
B3Q=0
B3C=0
B3A=0
Bs=0
B3AE=0
B1CB3C=0
B1QB3Q=0
B1AB3A=0
BsB3A=0
B1CB2a=0
B1CB2B3C=0
[CONNECT]
type=0
protocol=2
[COMM]
port=5
baud=115200
[SOCKET]
ip=0.0.0.0
port=5080
[BDI]
timeSys=1
timeFmt=1
posSys=1
posFmt=1
a=6378167.0
f=298.257222101
w=0.00007292115
gm=398600441800000
dx=0
dy=0
dz=0
alpha=0
beta=0
gamma=0
com=1
baud=3
[LINE]
PointCount=500
